id,name,email,address,date_joined
1,Cynthia Burke,samantha44@example.net,Unit 1785 Box 2614 DPO AP 28562,2023-07-09
2,Marie Stuart,stanleyjohnson@example.com,"568 Edward Circle Suite 321 Newtonborough, IA 43613",2023-10-29
3,Levi Wise III,rcollins@example.org,"94762 Gonzalez Inlet Suite 344 East Lisa, MS 50296",2023-10-19
4,Reginald Butler,emilyfarmer@example.org,"33700 Carrie Shoals Apt. 704 North Melissafort, KS 96705",2024-09-24
5,Margaret Gray,zarroyo@example.net,"PSC 9039, Box 9964 APO AP 68529",2020-11-29
6,Robert Lopez,charles11@example.net,"PSC 1268, Box 6312 APO AP 47266",2023-07-30
7,James Davis,marthazuniga@example.org,"7127 Sharon Fort West Melissa, MN 28829",2023-06-21
8,Hannah Mitchell,jasmine40@example.com,"49335 Nicholas Trace Apt. 562 North Alexanderside, NV 03911",2024-07-07
9,Bradley Pham,lisaweaver@example.com,"PSC 1431, Box 1576 APO AA 47108",2021-12-05
10,Lisa Tucker,gregoryreed@example.net,"3609 Renee Manor Suite 946 Brandonborough, TX 49103",2021-06-08
11,Tara Gordon,nicholaspratt@example.net,USCGC Chapman FPO AP 02626,2023-05-08
12,Susan Taylor,fperkins@example.net,"2369 James Mountains Suite 495 South Sherichester, IL 71966",2020-05-02
13,Ronald Henry,colleenharris@example.org,"01499 Harmon Plains Apt. 536 Lake Jessica, OK 79387",2022-02-05
14,Jamie Thomas,yphelps@example.org,"9579 Boone Springs Garrettberg, WA 52399",2021-01-04
15,David Kaufman,wleonard@example.org,"103 Heather Trace Apt. 862 Mirandafort, MN 84556",2023-09-27
16,Chris Smith,jennifer67@example.com,"233 Bates Expressway Apt. 706 East Katelynfort, AS 99801",2021-05-15
17,Sarah Bailey,josephtanner@example.com,"836 Khan Mews Suite 310 Lake Michelle, SC 31596",2022-03-10
18,Sherry Armstrong,lawrencekristen@example.net,"7116 Hess Road Apt. 299 West Kyle, VA 92581",2022-03-07
19,Melissa Pena,wroy@example.com,"927 Mary Extensions Suite 085 North Audreystad, GA 11088",2020-03-07
20,William Mcgrath,stacy98@example.org,"4545 Chandler Centers Suite 897 Shannonfurt, CA 79610",2021-05-19
21,Javier Freeman,carmensimon@example.org,"8220 Scott Summit Suite 280 East Christina, ME 06966",2024-07-09
22,Joe Vang,lweber@example.net,"4213 Duke Square Jenniferside, HI 12220",2021-10-29
23,Jamie Peterson,dlucas@example.com,"3261 Holland Point Apt. 013 New Williamberg, OR 69552",2023-05-02
24,Amber Allen,jonesjordan@example.net,"8349 Santana Rapid East Emma, OH 41445",2022-02-04
25,Steven Smith,caleb68@example.com,USS Norris FPO AP 49320,2022-02-21
26,Brian Valencia,tracishelton@example.org,"8861 Jessica Parkways East Steven, UT 86613",2022-08-29
27,Caitlyn Wolf,housesteven@example.org,"176 Ritter Road Suite 349 East Erikside, TX 36967",2022-01-08
28,Keith Pitts,kphillips@example.org,"45244 Ashley Trace Suite 716 East Erikaton, ID 12782",2022-04-25
29,Beth Anderson,spenceeileen@example.com,"7369 Kristina Cliff Apt. 069 Darrenview, OK 45631",2023-04-24
30,David Gonzales,jeffrey13@example.net,"66926 Pamela Land Apt. 808 Kimberlyshire, KS 38601",2023-04-16
31,Paul Hanson,coleangela@example.com,"2293 Haynes Track Suite 904 Stephentown, NE 60202",2020-10-12
32,Michelle Cox,christopher50@example.org,"008 Noah Terrace Suite 823 Ronaldtown, ND 64709",2024-08-21
33,Stephen Burton,cooperjulia@example.org,"72787 Suarez Streets Philipberg, NM 96743",2023-11-01
34,Andrew Garner,brandon46@example.net,"993 Smith Manors Apt. 831 Yangview, MT 15609",2020-12-14
35,Sandra Williamson,alvarezelizabeth@example.net,"8052 Snyder Lakes Apt. 733 Ryanstad, TN 75575",2022-07-05
36,Donna Avila,ywilson@example.com,"58193 Seth Ways Josephfurt, TN 03861",2023-12-08
37,Kathy Robinson,jhill@example.net,"35071 Marshall Centers Apt. 598 Nicholasshire, MS 79096",2022-09-06
38,Tina Mckinney,eric45@example.com,"01975 Brandon Pike Suite 901 North Johnton, MO 72831",2022-08-02
39,Kevin Fox,michelewalker@example.net,"816 Tina Cliffs Suite 166 Kingport, PR 17178",2022-07-07
40,David Gomez,williamsjason@example.net,"720 Francisco Mountain Apt. 570 Katietown, MN 85509",2020-06-06
41,Monica Jefferson,beverett@example.net,"86800 Charles Ridges Suite 024 Smithborough, VT 44019",2020-05-02
42,Nicholas Pruitt,hunterstephanie@example.com,"2964 Paul Stravenue Johnborough, PR 49889",2024-04-15
43,Mikayla Jordan,lopezcharles@example.net,"001 George Isle Apt. 502 New Bryanview, LA 22260",2021-01-10
44,Ryan Reed,tammyharris@example.com,"15019 Bryant Ramp Danielside, VA 87015",2021-06-24
45,Isabella Mccoy,spencer86@example.com,"616 Cody Drive Apt. 723 Briannastad, MI 79854",2024-02-28
46,Alicia Brandt,kmiller@example.org,"0186 Christopher Parkway North Tanner, NH 94927",2021-06-17
47,Nathan King,alexander43@example.com,"5122 Jessica Prairie Suite 508 Prattmouth, AS 30585",2024-06-05
48,Monica Steele,david49@example.net,"229 Blake Pines Apt. 469 Port Tracy, DC 86157",2023-10-25
49,Crystal Smith,thorntongeorge@example.org,"6994 Frost Viaduct Lake Jessicaburgh, KS 97476",2021-02-14
50,Christian Scott,sullivanrobert@example.org,"9993 Anna Shoal West Matthewmouth, NH 03556",2023-05-12
51,Dr. Christopher Peterson MD,hallamy@example.org,"5674 Jose Station Apt. 987 Joelstad, OR 84084",2020-12-07
52,Matthew Dillon,andersonkenneth@example.org,"23487 Emily Turnpike New Thomasstad, ME 57900",2021-02-04
53,Timothy Nichols,brewerdaniel@example.org,"42643 Walker Ranch Newmanburgh, AS 20593",2023-07-08
54,Stephanie Wilkins,millerjohn@example.net,USS Holt FPO AP 96175,2023-11-04
55,Phillip Banks,cooleyjoanne@example.org,Unit 4529 Box 1635 DPO AP 24301,2023-06-24
56,Jonathan Mcdaniel,angela54@example.com,"939 Mcdonald Wall Apt. 816 New Jamesshire, AS 94641",2021-02-16
57,Carlos Arnold,abigail55@example.org,"41990 Joseph Summit Port Brianport, NY 09979",2021-09-19
58,Louis Orozco,kellyjames@example.com,"80981 Gardner Squares Apt. 236 Aaronside, DC 69431",2023-10-25
59,Noah Martin,aguilarandrew@example.net,"9574 Davies Square Suite 096 East Jessicaburgh, MA 16364",2022-03-26
60,Diane Hernandez,roberthogan@example.org,"803 Keith Village Apt. 206 Port Ronald, DC 18105",2022-01-30
61,Michael Williams,jenniferhoward@example.com,"174 Sarah Forks Apt. 952 Fischershire, WY 91303",2021-02-04
62,Kimberly Marks,robert98@example.net,"9919 Diana Falls North Sierraberg, KY 77331",2022-08-18
63,Christopher Mcdaniel,harmondavid@example.org,"15018 Evans Square Stevenside, NC 56967",2024-01-04
64,Ronald Soto,ramirezanna@example.org,"26682 Juarez Circle Suite 585 Port Ryan, WY 29382",2021-07-30
65,Richard Barrett,daryl68@example.net,"2769 Fox Fields Suite 992 Lake Beckytown, WV 32490",2020-03-16
66,Ashley Love,mary42@example.net,"05014 Becker Fords Port Haleymouth, CA 96147",2023-12-25
67,George Allen,jennifermcbride@example.org,"10682 Scott Branch Apt. 123 South Joshuaside, GA 24692",2020-06-22
68,Isabel Martinez,joseph75@example.net,"73467 Christian Station Hillchester, MS 13515",2024-06-29
69,Heather Russell,robin74@example.com,"0291 Kathleen Locks Suite 917 Kaylaland, OK 91837",2022-09-23
70,Lori Warner,mary53@example.org,USNV Trevino FPO AA 64908,2022-09-16
71,Marie Dennis,stephen40@example.org,"9080 Jackson Tunnel Apt. 090 West Sean, IA 71322",2021-12-20
72,Alexis Brown,barnesjorge@example.com,"7302 Michael Road Jamesview, CA 07174",2022-11-17
73,Cynthia Bell,wandaperkins@example.org,"57228 Andrews Mews Suite 855 Port Allison, CA 93887",2022-01-18
74,Robert Crawford,alopez@example.net,"0791 Harrison Motorway Port Anthony, VI 26203",2022-02-26
75,Sean Vance,smurray@example.com,"94898 Boyle Streets South Graceside, DC 82964",2023-07-02
76,Lauren Koch,zbishop@example.org,"7038 Bailey Highway New James, OR 93080",2024-01-30
77,Sandra Nelson,stewartmichael@example.com,"070 Sandra Glens Suite 102 Galvanville, MA 38533",2020-02-03
78,James Butler,susan84@example.net,"3352 Amanda Oval Apt. 518 Hamiltonchester, DE 92590",2023-07-17
79,Michael Torres,ldavis@example.com,"16375 Michele Loop Suite 060 Port Brookeburgh, DE 06186",2022-07-16
80,Ashley Watkins,zwhite@example.org,"84376 April Inlet Suite 461 Port Mitchell, TX 56304",2024-03-22
81,Lisa Holt,aaron07@example.net,"63866 Morgan Fork Port Stephenbury, NM 17322",2024-05-15
82,Ryan Riley,stephanieguzman@example.net,"89453 Saunders Knoll Apt. 425 Norrisside, ID 64283",2022-09-11
83,Hannah Hill,dbarron@example.com,"1950 Hill Landing West Erin, KY 32539",2024-01-26
84,Ruben Spencer,wilsonjohn@example.com,"PSC 2876, Box 2214 APO AP 36876",2020-04-05
85,Parker Watkins,carpenterantonio@example.org,"844 Katherine Avenue Lake Gailtown, PR 60820",2021-11-05
86,Sean Richmond DDS,melissamcfarland@example.net,"79763 Tammy Plains Apt. 360 North Alice, OR 54816",2023-09-07
87,Stacey Wright,vjones@example.org,"9212 Swanson Ville Mariastad, ND 61306",2023-03-06
88,Frank Park,justinmcclure@example.com,"581 Marc Hill South Kelly, PA 56955",2022-04-30
89,Tammy Pineda,vkeller@example.org,"370 Travis Square Suite 509 New Isabellaburgh, AR 80314",2021-12-19
90,Vanessa Holmes,christopher86@example.com,"6611 Taylor Bypass East Brittany, GU 99417",2023-09-10
91,Kim Burns,karenmills@example.com,"44357 Melissa Ramp Apt. 470 West Tammy, FL 28572",2022-01-05
92,Heidi Watson,samantha13@example.com,"69760 Robert Garden Leemouth, MI 94503",2024-02-10
93,Bradley Thompson,denise27@example.net,"0106 Allison Lodge Suite 125 Nicoleton, RI 92877",2022-02-21
94,Kenneth Le,james26@example.net,"3959 Jackson Throughway Apt. 169 East Patrick, CA 54752",2021-07-15
95,Joseph Rubio,richardsrobert@example.com,"40274 Goodman Loaf Suite 235 Rogersport, IA 95783",2022-01-14
96,Stephanie Larson,susanjohnson@example.com,USCGC Pacheco FPO AA 28454,2024-01-28
97,Dawn Bennett,yward@example.com,"97282 John Ways South Brianna, GU 65907",2020-05-21
98,Gregory Krueger,williamterry@example.org,"350 Jeffrey Oval Blakeside, RI 89741",2022-06-17
99,John Wells,ojones@example.com,"354 Christopher Via Suite 763 New Davidchester, PW 37083",2020-04-07
100,Anthony Garcia,nathancochran@example.net,"315 Megan Crest Stefaniefurt, AL 66162",2020-01-03
101,Brenda Wood,pauljackson@example.org,"2131 Bill Isle Apt. 214 Castillomouth, MI 89793",2021-02-20
102,Aaron Bradley,dortega@example.org,"5627 Micheal Garden Delacruzburgh, NY 49690",2020-03-29
103,Crystal Patterson,cgardner@example.net,Unit 4104 Box 2698 DPO AE 23030,2021-10-17
104,Kathleen Mckinney,gabrielarussell@example.com,"08028 Victor Row Suite 688 Turnerfort, WA 34809",2022-05-24
105,William Oneill,ddixon@example.net,"183 Morris Lodge Suite 181 Longhaven, WA 23876",2024-07-29
106,Mr. Brian Sellers II,david00@example.com,"0093 Fox Vista Whiteview, WI 83080",2021-05-09
107,Daniel Thompson,rhayes@example.org,"48737 Emily Hills Suite 760 New Ryantown, NJ 53578",2023-03-03
108,Donald Perry,ewheeler@example.com,"22873 Lee Mews North Brittanyhaven, NJ 62341",2022-09-12
109,Heather Richard,arnoldbetty@example.com,"PSC 5933, Box 4344 APO AE 47943",2021-09-17
110,Lauren Turner,justinrodriguez@example.net,"932 Stephanie Fall Suite 894 Port Jamieshire, LA 03852",2023-12-06
111,Brian Harrington,amoore@example.com,"7305 Miller Via Port Bradleytown, MT 10257",2023-09-21
112,Ashley Mcmillan,joshua54@example.com,"722 Larry Port Suite 262 Aaronchester, NH 27882",2022-12-25
113,Andrew Lamb,krystal62@example.com,"91822 Linda Trail Suite 382 West Codyville, MP 42258",2021-06-26
114,Thomas Hernandez,qfranco@example.com,"152 Powers Point Suite 177 South Johnbury, VA 99633",2021-09-09
115,Wendy Perez,mariarogers@example.net,"9519 Michelle Spring Port Justin, VI 16109",2020-10-31
116,Beth Harris,mirandamichael@example.net,"03895 Smith Ramp Suite 222 Blackwellburgh, DC 88337",2020-04-24
117,Wendy Love,ariasmatthew@example.org,"84783 Cole Extension Port Steven, MO 26634",2021-10-02
118,Peter Howard,justin53@example.net,"8601 Laura Valley Walkerland, ME 71044",2022-11-10
119,Anthony Hayes,ashley68@example.com,"49170 Diana Cape Suite 476 Mayoville, MD 12014",2023-09-26
120,Robert Roman,hayeskevin@example.org,"916 Annette Key Apt. 205 New Ericatown, OR 75240",2023-12-14
121,Ricardo Bell,jenniferhall@example.org,"5481 Pugh Course Kennedyside, OR 02898",2023-11-21
122,Adrian Wilson,daniellewoods@example.net,"3419 Pham Inlet Apt. 464 East Edward, OR 85600",2021-12-23
123,Eric Espinoza,james08@example.net,"507 Tucker Crescent Suite 135 Tranhaven, NV 23623",2021-03-13
124,Alex Simon,walkerjacqueline@example.com,"90046 Ferguson Forks Suite 008 East Laura, NC 22442",2023-06-22
125,Brett Peters,hhernandez@example.net,"278 April Point Apt. 988 Port Georgetown, IA 87682",2021-01-09
126,Jamie Armstrong,tinajames@example.com,"5367 Villarreal Rest Apt. 643 Heatherbury, WY 71408",2020-04-29
127,Taylor Chaney,marymonroe@example.org,"297 Day Lodge Suite 596 Yorktown, AR 10242",2021-04-02
128,Michael Brown,frenchdavid@example.net,"9302 Michael Loop Smithfort, NY 78306",2023-12-29
129,Sarah Bell,eric83@example.com,"00900 Ortiz Orchard South Timothytown, TN 90068",2021-11-15
130,Brandon Gray,robertosborn@example.net,"825 John Village Garzaburgh, MI 97477",2024-05-15
131,John Vincent,earmstrong@example.com,"5706 Smith Alley Port Rodney, NE 59063",2020-12-13
132,Stacey Lawrence,katelynhill@example.com,"PSC 6679, Box 3888 APO AE 11412",2021-04-05
133,Ronald Hudson,danielwilliams@example.org,"818 Linda Plain Arroyobury, MD 76854",2023-10-07
134,Daniel Monroe,trevinoraymond@example.net,"14899 Michelle Rapid Apt. 088 Willieburgh, WY 52286",2024-01-04
135,Todd Joseph,jamie37@example.org,"11795 Dickerson Valley Thomasbury, KS 09196",2024-09-16
136,Betty Moody,lisa88@example.com,"42056 Cody Port South Ruthview, SC 34563",2022-02-21
137,Jennifer Robinson,deborah71@example.com,"5711 Ernest Row Apt. 315 Port Ronaldfurt, MO 95249",2021-12-04
138,Renee Mitchell,mahoneyjoseph@example.org,"190 Andrew Ports Suite 001 Lake Susanbury, AZ 16569",2022-12-20
139,Renee Morris,patelryan@example.org,"PSC 2921, Box 7504 APO AP 49040",2020-07-02
140,Sonia Jenkins,michaelpope@example.org,"257 Amy Glens West Angelaview, CO 52234",2022-09-11
141,Frank Logan,jacob34@example.net,"8092 Heather Heights North Brenda, GA 17496",2022-05-08
142,Nicholas Parker,ireyes@example.net,"65167 Pierce Glen Apt. 664 New Priscilla, PW 49968",2021-06-14
143,Victor Galvan,kristen19@example.com,"3658 Melissa Mission East Danielmouth, IL 54915",2021-09-17
144,Kenneth Jordan,cruzthomas@example.org,"1963 Maldonado Pine Suite 226 North Austinchester, KY 35562",2022-06-29
145,Ryan Edwards,dgriffin@example.com,"105 Randy Center Suite 002 North Jeremystad, VA 58157",2020-10-30
146,Lisa York,tscott@example.net,"92328 Michael Ports New William, NE 86867",2021-01-03
147,Dawn Turner,bryantnina@example.com,"0792 Perry Drive Williamburgh, KS 67248",2022-09-22
148,Beth Garrett,stoneteresa@example.com,"253 Chelsea Prairie Davisfurt, FM 30117",2021-11-18
149,Erik Myers,vhiggins@example.org,"0835 Denise Radial Suite 451 South Mia, TX 48744",2021-08-07
150,Shannon Gonzalez,kevin62@example.org,"4576 Susan Brooks Suite 783 Williamfort, DE 18051",2020-07-10
151,Alexandra Castro,guzmanelizabeth@example.com,"4183 Greene Dale Apt. 149 Jessicatown, RI 18779",2021-09-26
152,Leroy Weber,masseycynthia@example.org,"PSC 2316, Box 8173 APO AA 14261",2020-06-26
153,Brandon Gonzalez,shirley59@example.com,"8813 Francis Field Jennyland, OH 54213",2023-07-22
154,Shawn Coleman,charlesjohnson@example.net,"95515 Cassandra Dale New Stephanie, WA 50179",2020-04-08
155,Pamela Wilson,davidmendez@example.net,"9937 Neal Springs Port Kathybury, VI 94044",2024-04-20
156,Jennifer James,ericsmith@example.net,"32535 Parks Keys Suite 509 Hensleyfurt, SD 39510",2020-07-13
157,Carl Morrison,awilliams@example.com,"244 Ray Key Cochranmouth, RI 02626",2023-09-06
158,Melissa Ortiz,andrea60@example.net,"176 Alyssa Ways Lake Thomas, DE 87286",2024-03-08
159,Nathan Young,millersamantha@example.org,USCGC Hoffman FPO AP 37382,2023-10-30
160,Alex Kirk,canderson@example.org,"90192 Lane Skyway North Valerie, MD 63422",2024-01-03
161,Nicole Mendoza,kellydean@example.com,"122 Smith Rapids Suite 432 Gregborough, PW 20370",2024-02-17
162,David Yang,andrewduke@example.net,"PSC 2289, Box 4697 APO AP 19417",2022-05-11
163,Christian Evans,jennifer40@example.net,"PSC 4595, Box 9162 APO AP 74342",2023-06-10
164,Tracy Jacobson,tracycruz@example.org,"234 Adams Union Apt. 038 East Christine, ID 91897",2020-03-23
165,Nicholas Nichols,griffinheather@example.org,"873 Julia Club Suite 374 Sydneyfurt, GA 95065",2020-12-19
166,Beverly Richardson,johnball@example.org,"792 Alexander Ways Travisstad, FM 42511",2023-07-29
167,Alvin Hale,brianthomas@example.net,"99614 Chad Bridge North Michaelland, MD 79636",2021-10-06
168,Amanda Heath,sandra58@example.net,"6661 Jacqueline Ridge Wilsonmouth, NV 08941",2020-12-19
169,Charles Rodriguez,maciasjason@example.com,"182 Levine Parkways Suite 344 Lake Henryborough, OH 72964",2023-12-28
170,Jonathan Doyle,moyeralexander@example.com,USNV Peters FPO AE 23524,2024-06-11
171,James Ross,lesliecurry@example.com,"05384 Anderson Light Suite 962 Halefurt, AK 27946",2022-08-09
172,Steven Thompson,christopher90@example.net,"6652 Campbell Throughway Suite 246 South Tinachester, IA 41834",2020-11-11
173,Gregory Baker,xchapman@example.org,"735 Roberts Rue Suite 214 Cynthiahaven, MP 13902",2021-05-13
174,Lisa Vaughn PhD,jgill@example.org,"71439 Perkins Terrace Josephchester, NV 90724",2023-09-19
175,Scott Weber,juan40@example.org,"16345 Michael Rapids Apt. 013 Lake Jamesbury, AR 72715",2022-07-08
176,Julia Nguyen,randy22@example.com,"344 Kevin Bridge Port Robertville, TX 01784",2022-09-28
177,Nathan Johnson,nicole70@example.com,"6925 John Fork Suite 155 Medinahaven, OR 22910",2023-10-31
178,Alan Davis,sgibbs@example.org,"80686 Melissa Dam North Jennifer, MD 46015",2022-04-24
179,Adam Allison,hicksbrianna@example.net,"4058 Thomas Fork Suite 402 North Elizabeth, MI 18723",2023-04-20
180,Karen Rogers,smithmichael@example.com,"6693 Roth Place Schmidtburgh, NY 75748",2020-04-25
181,Mr. Christopher Mclaughlin,farleydavid@example.org,"996 Gould Underpass North Keith, NH 65762",2023-11-28
182,Eric Barker,barrerateresa@example.com,Unit 9900 Box 9095 DPO AP 45918,2021-08-25
183,Todd Clements,williamtaylor@example.org,"648 Reid Alley East Brittanyburgh, KY 95014",2020-03-06
184,Robert Lloyd,aaron32@example.com,"4921 Gabriela Shore Bensonstad, SC 38462",2023-08-21
185,James Collins,jenniferpearson@example.net,"080 Matthew Rapid Apt. 665 North Paulton, SD 36992",2020-06-06
186,Elizabeth Hernandez,rogerjohnson@example.com,"PSC 0573, Box 5160 APO AA 35948",2024-02-09
187,Amanda Wilcox,shannon65@example.org,"212 Phillips Pine Apt. 102 North Leonard, NV 84620",2022-04-30
188,Jennifer Simmons,leebrian@example.org,"227 Roberts Divide North Rachelside, FL 43485",2022-09-17
189,Anthony Schneider,woodspeter@example.com,"3068 Rick Squares Barberberg, TN 94572",2020-06-02
190,Melissa Moreno DVM,emeadows@example.com,"29565 Carr Fork Apt. 430 Lake Cathyton, ME 52762",2023-04-28
191,Robert Thomas,trevinojacob@example.com,"4706 Kathy Stream Suite 904 Simmonsburgh, KS 28933",2020-03-13
192,Bryan Wilson,shieldsfrancisco@example.net,"643 Danny Springs Suite 321 Jessicastad, PA 29648",2022-07-30
193,Jonathan Smith,jonescorey@example.org,"8999 Rhonda Glens New Douglashaven, PA 94047",2024-07-20
194,Rachel Le,franklinsandra@example.org,Unit 1222 Box 2535 DPO AA 79961,2023-03-03
195,Melissa Phillips,sarah81@example.net,"3729 Franco Village Shirleyburgh, UT 69401",2023-04-13
196,Mary Smith,jason00@example.net,"71427 Rogers Wall Apt. 836 Millertown, WI 07135",2023-01-07
197,Barbara Bishop,michael49@example.org,USS Thomas FPO AP 84502,2024-03-23
198,David Phelps,david83@example.org,"94189 Devin Manors North Brendashire, GA 22149",2024-09-29
199,Barbara Robertson,lzimmerman@example.org,USS Lewis FPO AE 97505,2022-02-27
200,Amy Flores,brenda29@example.net,"44907 Stone Center Apt. 701 Matthewstad, WV 79019",2022-06-18
201,Carrie Rogers,paulkelly@example.net,"41667 Lucas Crescent Apt. 750 Danielport, TN 35771",2021-05-11
202,Dawn Guerrero,oclark@example.com,"53081 Gutierrez Track Port Hailey, MS 13949",2020-02-09
203,April Meadows,schroedermelanie@example.org,"4817 Marks Greens South Justin, ND 45907",2023-08-14
204,Ashley Davis,ginataylor@example.com,"1165 Kelly Vista Apt. 745 Dustintown, ME 92954",2021-02-02
205,Michele Bird,wrightelizabeth@example.org,"18092 Valerie Plain Suite 465 East Christopher, CT 01036",2021-05-22
206,Michelle Holt,ohinton@example.com,"6218 Erika Gateway Apt. 845 Port Katrinastad, OH 52381",2024-07-09
207,Ashley Arias,amyblake@example.net,Unit 9224 Box 4841 DPO AE 26093,2022-01-12
208,Lee Hernandez,paulstephanie@example.com,"8126 Eric River New Eric, SD 27864",2021-07-25
209,Mitchell Williams,triciafarley@example.net,"19111 Erin Run West Danielmouth, ND 36160",2022-05-19
210,Christopher Skinner,middletonkimberly@example.net,"816 Christina Forest Port Amandaberg, WI 82836",2020-10-29
211,John Davis,kimberlyarmstrong@example.net,"4254 Sarah Light North Coreyfort, IL 13199",2020-09-23
212,Brandi Martin,qjohnson@example.com,"02367 David Station Suite 624 New Kathleen, VA 84536",2021-06-07
213,Roy Clark,hendersonmarilyn@example.org,"8901 Mccormick Inlet Rossside, ID 94088",2021-04-20
214,Robin Clark,alexiswilkinson@example.com,Unit 6330 Box 7341 DPO AE 34962,2021-08-01
215,Michael Robbins MD,angelicabrandt@example.net,"PSC 5189, Box 8453 APO AP 65267",2024-03-22
216,Beverly Griffin,yburke@example.com,"82128 Rhodes Mountain Latoyachester, ID 39216",2021-10-03
217,Brittany Alvarez,phamkevin@example.com,"9753 Rebecca Extension Sanchezbury, HI 35368",2021-01-21
218,Priscilla Wilkinson,lyonsamanda@example.org,"0769 Schmitt Summit Apt. 378 Port Andrew, MT 67693",2023-10-09
219,Diane Williams,comptonjeanne@example.com,"81498 Cantrell Circle East Jessica, SD 54367",2020-04-18
220,Charles Lynch,qelliott@example.org,"5206 Michelle Stream East Paulville, DC 03261",2023-01-11
221,Janet Anderson,robertsstacy@example.org,"68908 Christopher Valleys Justinchester, NC 39983",2022-11-01
222,Deborah Jackson,jill64@example.com,"5054 Lindsey Shoal Apt. 593 Lake Tony, AS 07009",2022-09-05
223,John Stein,usanchez@example.com,"87502 Melissa Meadow Apt. 020 Alexanderfurt, MI 80495",2020-01-03
224,Eric Maldonado,jonesangelica@example.com,Unit 9873 Box 7106 DPO AA 63176,2022-06-10
225,Adam Price,sanderstyler@example.com,"507 Castillo Trafficway Suite 260 Gregoryfurt, PW 36429",2022-02-10
226,Chad Griffin,ccarroll@example.org,"01631 Ramirez Causeway Robertland, MP 38212",2020-11-19
227,Mr. Zachary Kelly MD,seanjohnston@example.net,"6006 Ariana Manor Paulaport, FL 46845",2020-06-30
228,Dr. Lisa Wolf,shannon91@example.org,"410 Alexander Plains South Peter, MS 76735",2024-07-27
229,Julie Rodriguez,cjohnson@example.net,"498 Bailey Landing Adamview, AS 89326",2020-03-29
230,Joshua Dixon,russell32@example.org,"2708 Harris Port South Brittanyfurt, PR 79587",2021-11-14
231,Phillip Martinez,andradeterrance@example.org,"10771 Brandy Track Suite 976 North James, KS 82853",2020-06-04
232,Troy Lopez,rcarter@example.com,"45717 Jenkins Mission Suite 209 Samanthachester, DC 79760",2021-02-14
233,Michael Martinez,lprice@example.org,"375 Steven Passage New Miketown, AL 13413",2024-07-26
234,Lisa Shah,ramirezdanny@example.net,"125 Michelle Ports Hutchinsonland, MN 58324",2022-02-15
235,Joy Smith,anthony96@example.net,"8045 Robert Locks Apt. 220 Lake Paulland, IA 99418",2023-03-12
236,Jennifer Newton,huntermadison@example.com,"4689 Luke Route Apt. 467 New Allenberg, MA 43456",2021-02-26
237,Sarah Jones,uwright@example.org,"8062 Sheila Haven South Barbara, PW 22781",2024-08-20
238,Thomas Faulkner II,pamela88@example.com,"9491 Simpson Villages Suite 428 Aimeefort, KY 86130",2022-11-30
239,Andrew Stevens,landerson@example.com,"25490 Robinson Circles Apt. 235 North Samantha, GU 00556",2023-02-22
240,Erin Lane,amorgan@example.net,"58548 Green Neck Waynebury, MA 63958",2021-09-05
241,Edward Gordon,collinsjasmine@example.com,"205 Jason Groves Suite 792 North Scott, VI 68673",2020-04-26
242,Heidi Garrett,hickslaura@example.com,"35185 Lisa Mills Apt. 818 Lake Jason, IA 57673",2021-05-06
243,Daniel Evans,sdavis@example.org,"47530 Thomas Crossroad Pattersonville, MS 06663",2022-09-27
244,Kenneth Hughes,morgancarl@example.net,USS Fox FPO AE 23087,2021-12-25
245,Amanda Lawrence,martinezjennifer@example.com,"1099 Jack Inlet South Jaimefurt, AR 37579",2020-08-13
246,Devin Hensley,bobby74@example.com,"6977 Lori Pass Bryantborough, AR 25463",2024-04-18
247,Andrea Jensen,jamesjimenez@example.com,"876 Drake Crest Apt. 078 Richardsonburgh, MP 71379",2023-08-31
248,Justin Jones,alice80@example.org,"9458 Hernandez Extension Apt. 748 Webbport, KS 16032",2020-09-22
249,Jacob Brown,tonya38@example.org,"70945 Davis Rest Wisefort, PA 26533",2022-02-25
250,Michael Cole,kellydalton@example.com,"884 Daniel Mills South Roberthaven, LA 39413",2023-04-12
251,Linda Villa,amypowell@example.org,"48909 Brian Lodge Suite 150 Snydermouth, FM 96448",2020-06-06
252,Bernard Roberts,susantate@example.org,USNS Miller FPO AA 20590,2021-05-01
253,Jacob Moore,courtneyhaynes@example.org,"12044 Cox Ways Apt. 869 West Benjamin, NH 86119",2021-09-17
254,Brandon Edwards,jimenezchris@example.com,"5796 Howell Falls Adamsborough, NC 38986",2024-05-12
255,Tammy Wilcox,aaronphillips@example.net,"099 Harvey Coves South Alexanderstad, AS 70693",2024-04-26
256,Beverly Ayala,youngsamuel@example.com,"PSC 0823, Box 2475 APO AA 05281",2020-05-15
257,Alan Miles,courtneywright@example.org,"26267 Kennedy Summit Port Carrieshire, FL 07273",2022-11-09
258,Leonard Martin,qsanchez@example.com,"8144 Susan Motorway New Alan, AK 15793",2021-10-22
259,John Rivera,debra08@example.net,"35656 Morgan Station Port Stevenfurt, MA 75262",2020-03-27
260,Daniel Holmes,deborah67@example.com,"29425 Williams Centers South Shawnborough, NY 21899",2022-04-04
261,Tamara Spencer,derrick09@example.net,"75922 Welch Cliffs Suite 069 East Julialand, AZ 96389",2021-09-22
262,Adam Marshall,robbinsbeth@example.com,"0646 Janice Underpass Suite 385 New Carlosfort, WA 90433",2022-04-22
263,Christie Miller,colelin@example.org,"8660 Kim Vista Apt. 153 East Vincentland, HI 33744",2020-09-24
264,Hector Allen,ruizjamie@example.org,"8462 Debbie Extension Suite 457 West Kellyfort, MD 33251",2023-04-28
265,Jasmine Underwood,mrichards@example.org,"6574 Chloe Island Port Richardville, KS 41051",2023-06-10
266,Melissa Wagner,andrewbrooks@example.com,"691 Cole Creek Suite 774 West Angela, AS 65913",2023-05-06
267,David Roth,ssmith@example.net,"29123 Kevin Spurs Patricialand, HI 25452",2022-08-17
268,Jackie Roberts,daniel71@example.org,"50512 Ryan Highway South Michaelview, CO 39308",2023-07-30
269,Jennifer Duarte,aaron34@example.net,"80526 Ray Harbors Suite 672 Johnnymouth, ME 34574",2020-10-14
270,Crystal Montes,wangsheila@example.net,"611 Jeffrey Drives Suite 390 Port Thomasville, MI 92732",2023-01-27
271,Gary Roberts,michelleparker@example.net,"7186 John Street Joneshaven, CO 15248",2024-06-27
272,Natalie Johnson,sarah30@example.com,"0547 Bonilla Isle Apt. 422 Barbaratown, NJ 54191",2022-12-21
273,Paul Campbell,jennifer04@example.net,Unit 5046 Box 4195 DPO AA 37419,2020-05-12
274,Isaac Jones,lisasanchez@example.org,"461 Amber Ford Suite 694 West Jessicaland, OR 36874",2023-05-07
275,Kenneth Sanchez,william26@example.com,"18916 Eric Pine Suite 563 Hillfort, MO 02477",2020-07-26
276,Derrick Mejia,whiteandrea@example.org,"PSC 8506, Box 3143 APO AE 05536",2020-01-18
277,Alison Harris,victorhall@example.com,"3146 Mindy Highway Jessicachester, VT 05366",2021-06-23
278,Michael Hill,johnsontimothy@example.org,USS Powers FPO AP 67520,2022-02-15
279,Ricardo Rodriguez,william78@example.org,"481 Marissa Station Wandaton, MD 64074",2022-11-11
280,Brenda Lopez,wilsonjessica@example.org,"551 Jenny Well Suite 557 Port Cameronburgh, CT 84947",2020-09-14
281,Jennifer Johnson,morgansamantha@example.org,"209 Rebecca Plain Nathanview, KY 79214",2023-09-11
282,Kelly Baldwin,pvillarreal@example.org,"26530 Marquez Street New Ericafurt, GA 72218",2022-02-04
283,Gilbert Phillips,zdunn@example.org,"641 Roach Walk Apt. 379 Cameronborough, MD 41059",2022-10-24
284,Kimberly Williams,jblanchard@example.com,"18495 Pollard Bridge Cruzfort, MD 99047",2023-03-09
285,Nathaniel White,james65@example.org,USNV Clark FPO AE 22416,2024-01-11
286,Lisa Lambert,kimberly90@example.org,"78443 Wendy Keys Apt. 452 New Richardville, PR 68130",2020-05-14
287,Lynn Hicks,vickilopez@example.net,"5698 Maria Brook Danielport, ND 42186",2020-05-07
288,Scott Harris,joseph11@example.com,"46682 Amber Estate Gonzalesborough, ME 95824",2020-11-06
289,Douglas Freeman DDS,lisa29@example.net,USNS Peterson FPO AE 41745,2023-12-12
290,Samantha Stewart,basstyler@example.com,"7379 Green Knolls Apt. 255 Millschester, MT 64296",2023-11-08
291,Pamela Garcia,jessica36@example.org,"47713 Davis Prairie Apt. 897 Harperfort, CT 38132",2020-01-27
292,April Garcia,kevin73@example.org,"9529 Stacey Groves South Michelle, VT 65055",2024-01-13
293,David Harris,fburton@example.net,"7007 Douglas Groves East Amandaside, CA 25134",2021-10-09
294,Stephanie Thomas,johnsonvictoria@example.org,"0549 Julie Run West Lisa, OK 25732",2023-02-14
295,David Taylor,jordan77@example.org,"16902 Philip Groves Suite 288 Davidland, PW 18849",2020-09-04
296,Jim Brewer,paynemiguel@example.net,"3024 Dennis Locks South Katherineberg, WV 82823",2022-07-08
297,John Solomon,franciscohoward@example.net,"130 Mark Street Apt. 210 Williamsstad, LA 95497",2023-09-06
298,Lauren Galloway,renee24@example.net,"49469 Robin Port South Veronicaton, IL 71611",2023-12-24
299,Jennifer Young,theresaduncan@example.com,"7369 Rogers Stream Alexisland, KY 32445",2021-02-19
300,Michele Lewis,suzanne80@example.com,"17332 Jeremy Dam Suite 227 Brianton, CO 70309",2022-09-10
301,Jeremy Bell,agomez@example.net,"18220 Ashley Meadows West Brandonton, MO 22292",2022-11-10
302,Andrew Hansen,antonio72@example.org,"359 Oscar Junctions Apt. 137 New Jessestad, ND 33951",2020-02-07
303,Zachary Davis,jenkinsrobert@example.org,"2208 Collins Throughway Apt. 634 West Tamara, MI 38537",2020-04-30
304,Matthew Shea,saraperez@example.com,"627 Michelle River Apt. 574 West Joshua, HI 88324",2020-01-29
305,Danielle Dyer,john15@example.org,"453 Harris Forge Suite 710 Lauraville, IL 62564",2023-06-12
306,Bryan Dawson MD,garrettbrandon@example.net,"857 Jensen Rue Suite 697 Lake Brandonview, AK 41480",2023-01-27
307,Gary Hunter,zacharyvelasquez@example.com,"00151 Ross Center Apt. 073 Smithland, MA 05364",2023-02-11
308,Sophia Williams,gregorydanielle@example.net,"7325 Chavez Keys Suite 409 Hendersonbury, MN 74587",2024-05-12
309,Jonathan Singh,sullivanshelby@example.com,"9828 Robert Dam Rasmussenchester, WV 39236",2021-10-21
310,Penny Thompson,paulakim@example.com,"12799 Bobby Villages Suite 200 East Wandafort, ND 90587",2024-03-18
311,Kristine Myers,fostergregory@example.org,"68712 Clark Plains Apt. 630 Boyleton, TN 41107",2021-07-26
312,Lisa Garcia,iwatson@example.com,"71632 Brittany Street Apt. 536 West Michellehaven, DC 05964",2024-05-17
313,Alyssa Martin,alex63@example.org,"6588 Jennifer Walks Suite 044 Lake Joy, WA 68008",2020-01-27
314,Anna Escobar,jeffrey62@example.org,"9737 Phillips Ranch Suite 721 East Joanna, RI 00731",2024-07-17
315,Stephen Gibson,david11@example.com,"544 Gaines Meadows Suite 616 South Jessicaburgh, MI 31724",2022-04-07
316,Brian Williams,xjacobson@example.net,"2485 Aaron Island Apt. 898 Virginiaberg, WV 86642",2024-05-26
317,Christopher Paul,jody10@example.com,"403 Willis Rest Port Gregmouth, LA 27541",2022-01-10
318,Gregory Eaton,youngrandy@example.org,"549 Elizabeth Route Suite 377 Lake Kathleenbury, AR 04151",2021-09-18
319,Corey Gordon,erin93@example.org,"94126 Lauren Turnpike South Denisefurt, CO 15129",2023-07-02
320,Robert Smith,joshua52@example.org,"3283 Calvin Via Suite 695 Ashleyland, MO 91925",2021-01-26
321,Amy Wood,leondaniel@example.org,"489 Melissa Union Stephanieton, WI 82587",2021-09-24
322,Alison Davila,brianadams@example.net,"105 James Mission Rebeccaview, MI 51862",2023-05-12
323,Brian Dalton,blakekelley@example.net,"8066 Clayton Extensions Suite 966 Tammybury, AL 22146",2023-02-27
324,Jessica Garcia,tyler17@example.org,"6509 Jessica Flat Apt. 829 Michaelmouth, NC 93893",2022-10-29
325,Elizabeth Beltran MD,wernerbrendan@example.com,"4650 Matthew Loop Suite 000 West Erika, NV 88490",2021-09-21
326,Stephanie Franklin,josephwallace@example.com,"31086 Margaret Glen Leeport, CA 23806",2020-12-15
327,Joshua Henson,brownmichael@example.com,"155 Anna Summit Apt. 138 West Courtney, OR 90050",2021-06-25
328,Matthew Schneider,jody87@example.org,"866 Sara Shoals Apt. 070 Lake Chadville, NH 87824",2020-07-30
329,Wesley Mason,trandylan@example.com,"7647 Turner Manors Apt. 378 Katiebury, SC 86301",2024-02-14
330,Melissa Vasquez,ruizdanielle@example.org,"PSC 5287, Box 6937 APO AE 90440",2021-07-31
331,Michelle Lane,kingjessica@example.org,"0880 Perez Forges Apt. 763 Ryanville, IA 31585",2020-03-02
332,Frances Perez,sandersrebecca@example.org,"1748 Simpson View Apt. 176 Frenchberg, VI 86408",2022-09-19
333,David Stewart,gilesalexandra@example.net,"3730 Connie Manors Hawkinstown, CO 95958",2023-02-22
334,John Best,danielle24@example.com,"238 Stewart Hollow Vargasberg, WI 35014",2022-09-30
335,Chase Hernandez,tlloyd@example.net,"41348 Garcia Spur Alvarezberg, UT 49217",2023-01-01
336,Matthew Fernandez,lyonsbrandi@example.org,"6810 Nancy Coves New Lisa, MO 14019",2024-08-24
337,Cristina Ayers,jasminethomas@example.net,"54899 Audrey Mountains New Cathymouth, HI 41455",2022-03-31
338,Taylor Mills,akelly@example.org,"526 John Mountain Ernestbury, HI 61793",2021-02-14
339,Dr. Richard Rivera,edwardssusan@example.org,"1308 Miller Circles Apt. 809 Lawrencemouth, IL 53833",2024-06-12
340,Donald Evans,uwilliams@example.net,Unit 6673 Box 4630 DPO AP 84547,2020-04-21
341,Casey Sanders,samuel28@example.net,"0307 Samuel Ramp Suite 674 North Robertbury, AZ 08994",2024-05-08
342,Justin Bridges,shawnajohnson@example.com,"4095 Davenport Court South Michael, AZ 26448",2021-03-18
343,Dr. Daniel Burnett,jennifer15@example.com,"85101 Amanda Rue Shannonfort, ND 13666",2024-05-29
344,Melissa Jones,charlesgarcia@example.org,"503 Henson Corners Apt. 269 Torresfort, ID 98119",2020-11-15
345,Nicole Cochran,jenniferwilson@example.net,"0367 Gonzalez Ridges Apt. 120 Meyerview, NH 70428",2020-12-16
346,Kristin Brock,chamberscheyenne@example.net,"13711 Clarke Mews Suite 953 Joshuamouth, OH 31640",2024-09-30
347,Jennifer Anderson,wellsphyllis@example.org,"399 Smith Estates West Nathanielton, NH 75727",2020-04-05
348,Gregory Moore,waltondavid@example.org,"41918 Flowers Shores Suite 873 Leehaven, MT 03365",2021-03-26
349,Haley Cox,mjackson@example.com,"915 Kenneth Shoal Suite 534 New Jennifershire, GA 60682",2021-09-07
350,Stacy Morales,michael26@example.org,"44927 Erickson Streets Chaseland, IL 64690",2023-01-15
351,Michael Johnson,william94@example.org,"11904 Ferrell Forest Suite 546 Port Kevin, AR 44813",2021-12-12
352,Amanda Baker MD,angelacline@example.net,"83505 Evan Lake Suite 756 South Charles, NV 04465",2023-04-29
353,Jeremy Hernandez,smithjeffrey@example.net,"5307 Joann Road Ashleyton, AZ 45881",2022-04-03
354,Stephanie Gibson,fisherhector@example.net,"34961 Robert Fall Suite 855 Allenstad, MA 05544",2023-01-27
355,Laura Case,etaylor@example.org,"792 Charles Burg Suite 346 Hallbury, AL 89010",2021-02-15
356,James Garcia,ysanchez@example.org,"2728 Harris Shoal New Lisafort, NJ 34575",2020-05-18
357,Ryan Pham,kathleenphillips@example.net,"617 Edwards Mountain Apt. 588 Port Cherylport, MI 05276",2022-01-24
358,Robert Smith,davidsharp@example.org,"71067 Meghan Corners Brentview, SC 30163",2020-12-07
359,Samuel Nelson,zcarter@example.org,"973 Meagan Plaza Suite 717 South Erinstad, KY 30881",2023-12-02
360,Alicia Hart,rita58@example.net,"43826 Colleen Ranch Anthonyside, PW 13040",2020-06-01
361,Donna Hudson,petersenjason@example.com,"PSC 6996, Box 3359 APO AE 81591",2022-01-13
362,Laura Peck,miguel86@example.org,"39838 Hendricks Walk Apt. 660 Powellstad, NE 51691",2022-02-26
363,Richard Delgado,vtyler@example.net,"07559 Julie Roads Suite 658 East Amber, SD 53712",2021-05-25
364,Bobby Espinoza,uhoward@example.org,"887 Olivia Lock Apt. 349 North Samantha, NV 52769",2021-06-22
365,Marcia Hayes,matthewrich@example.com,"7614 Richard Spur Apt. 787 West Kevinbury, IL 74605",2020-09-16
366,Kellie Bryant,huffmanlorraine@example.org,"43836 Lee Alley Simsville, FM 16489",2020-05-19
367,Cindy Barnes,staceyevans@example.org,"072 Colin Row Apt. 144 Lake Danny, KY 39478",2020-04-07
368,Justin Maynard,lesliegriffin@example.org,"344 Pierce Throughway West Laurie, KS 15660",2020-04-22
369,Gabrielle Ramirez,ygray@example.com,"63197 Patton Wells Apt. 596 Annshire, LA 76390",2021-05-04
370,Daniel Hudson,nielsenhailey@example.org,"276 Nunez Land South Sophialand, OK 69493",2021-05-29
371,Paul Pacheco,nicole39@example.net,"348 Dalton Drive West Adam, NJ 13412",2022-08-09
372,Alan Roberson,michaelmccullough@example.com,"401 Steven Springs Derektown, WI 89953",2020-10-25
373,David Scott,kpayne@example.com,"52664 Leon Flat New Jason, GU 71838",2023-11-12
374,Ashley White,ularsen@example.com,"27103 Mathews Oval Apt. 330 North Jason, SC 01763",2022-09-03
375,Mary Johnson,wallemily@example.net,"31914 Flowers Ridge Stewartfort, OR 50847",2020-10-27
376,Andrea Moore,bjones@example.com,"7964 Reed Orchard Port Rebecca, OR 35714",2022-12-25
377,Jamie Lyons,santosnathan@example.net,"355 Jonathan Cape Suite 443 East Vincent, SC 79333",2023-11-04
378,Sharon Taylor,harveyamber@example.com,"7383 Charlotte Wall Justinmouth, LA 28485",2021-12-24
379,Jeremy Contreras,stevenwright@example.net,USCGC Mcintyre FPO AP 59884,2021-01-21
380,Brian Miles,david84@example.net,"64898 Javier Mews Francoside, MA 81731",2021-10-11
381,Carlos Blackwell,gregsimmons@example.org,"19858 Andrew Falls Suite 738 Andersonfurt, MD 35279",2020-09-17
382,Sarah Avery,nyoung@example.net,"737 Jennifer Gateway Port Ruben, WV 38588",2020-03-29
383,Krystal Jackson,paigemay@example.com,"17758 Brandon Alley Suite 862 Port Jasmine, UT 64206",2022-01-10
384,Kimberly Alexander,allenbrian@example.org,"6708 White Lights East Vanessaberg, OR 71912",2023-04-17
385,Ronnie Gregory PhD,ybailey@example.net,"4641 Mcpherson Common Suite 557 Ruizhaven, IL 58200",2024-09-08
386,Jose Moss,wilkinselaine@example.com,"7339 Jasmine Ports Suite 185 Weststad, WV 59300",2023-08-17
387,Andrew Moreno,aleonard@example.org,"6774 Ballard Light Suite 578 Charlesport, NJ 56715",2023-04-02
388,Alisha Garcia,butlerchristopher@example.org,"08528 Patterson Knolls Apt. 955 Morrowchester, SC 90745",2023-02-14
389,Randy Clark,gregorylambert@example.org,"3533 Tyler Oval Smithchester, OH 47736",2022-05-27
390,Heather Jones,johnny26@example.com,"PSC 2069, Box 2861 APO AA 58146",2022-01-03
391,Tonya Wilson,laurafranklin@example.com,"2056 Mark Junctions North Barbarafurt, KS 40554",2024-04-28
392,Aaron Walker,thomasstewart@example.net,"130 Bell Plaza Port Justinport, NM 63539",2020-04-13
393,Frances Barnett,rdonaldson@example.org,Unit 1028 Box 0327 DPO AP 71706,2022-05-13
394,Michael Bishop,danieladams@example.org,"030 Cooke Walks South Mariaton, VI 40180",2020-09-18
395,Christopher Jordan,tgriffin@example.net,"8941 Luis Fords Suite 412 Coxmouth, ND 99214",2021-04-10
396,Joyce Villanueva,scott76@example.net,"8242 Sandoval Inlet Lisahaven, OK 62846",2024-03-06
397,Julie Villarreal,raymond87@example.org,"702 Acosta Parks Apt. 256 Brendaview, AS 44191",2022-10-15
398,Alicia Martinez,jonesroger@example.org,"0231 Kimberly Bypass Apt. 697 East Jenna, VA 29975",2020-11-01
399,Thomas Eaton,simmonskevin@example.org,"398 Mendez Drive Port Michaelmouth, NE 26181",2023-11-13
400,Mark Medina,johnsonanthony@example.net,"9828 Jacobs Road Apt. 701 Stoneville, WI 96251",2021-06-29
